\* 3dxc	A
 * Number of atoms: 130
 * 	part from residue 537 to 666 *\ 
Amplitudes:
Mode = 0
1	0	[0]	[1]
1	0	[1]	[0]
1	0	[1]	[2]
1	0	[2]	[1]
1	0	[2]	[3]
1	0	[3]	[2]
1	0	[3]	[4]
1	0	[4]	[3]
1	0	[4]	[5]
1	0	[5]	[4]
1	0	[5]	[6]
1	0	[6]	[5]
1	0	[6]	[7]
1	0	[7]	[6]
1	0	[7]	[8]
1	0	[8]	[7]
1	0	[8]	[9]
1	0	[9]	[8]
1	0	[9]	[10]
1	0	[10]	[9]
1	0	[10]	[11]
1	0	[11]	[10]
1	0	[11]	[12]
1	0	[12]	[11]
1	0	[12]	[13]
1	0	[13]	[12]
1	0	[13]	[14]
1	0	[14]	[13]
1	0	[14]	[15]
1	0	[15]	[14]
1	0	[15]	[16]
1	0	[16]	[15]
1	0	[16]	[17]
1	0	[17]	[16]
1	0	[17]	[18]
1	0	[18]	[17]
1	0	[18]	[19]
1	0	[19]	[18]
1	0	[19]	[20]
1	0	[20]	[19]
1	0	[20]	[21]
1	0	[21]	[20]
1	0	[21]	[22]
1	0	[22]	[21]
1	0	[22]	[23]
1	0	[23]	[22]
1	0	[23]	[24]
1	0	[24]	[23]
1	0	[24]	[25]
1	0	[25]	[24]
1	0	[25]	[26]
1	0	[26]	[25]
1	0	[26]	[27]
1	0	[27]	[26]
1	0	[27]	[28]
1	0	[28]	[27]
1	0	[28]	[29]
1	0	[29]	[28]
1	0	[29]	[30]
1	0	[30]	[29]
1	0	[30]	[31]
1	0	[31]	[30]
1	0	[31]	[32]
1	0	[32]	[31]
1	0	[32]	[33]
1	0	[33]	[32]
1	0	[33]	[34]
1	0	[34]	[33]
1	0	[34]	[35]
1	0	[35]	[34]
1	0	[35]	[36]
1	0	[36]	[35]
1	0	[36]	[37]
1	0	[37]	[36]
1	0	[37]	[38]
1	0	[38]	[37]
1	0	[38]	[39]
1	0	[39]	[38]
1	0	[39]	[40]
1	0	[40]	[39]
1	0	[40]	[41]
1	0	[41]	[40]
1	0	[41]	[42]
1	0	[42]	[41]
1	0	[42]	[43]
1	0	[43]	[42]
1	0	[43]	[44]
1	0	[44]	[43]
1	0	[44]	[45]
1	0	[45]	[44]
1	0	[45]	[46]
1	0	[46]	[45]
1	0	[46]	[47]
1	0	[47]	[46]
1	0	[47]	[48]
1	0	[48]	[47]
1	0	[48]	[49]
1	0	[49]	[48]
1	0	[49]	[50]
1	0	[50]	[49]
1	0	[50]	[51]
1	0	[51]	[50]
1	0	[51]	[52]
1	0	[52]	[51]
1	0	[52]	[53]
1	0	[53]	[52]
1	0	[53]	[54]
1	0	[54]	[53]
1	0	[54]	[55]
1	0	[55]	[54]
1	0	[55]	[56]
1	0	[56]	[55]
1	0	[56]	[57]
1	0	[57]	[56]
1	0	[57]	[58]
1	0	[58]	[57]
1	0	[58]	[59]
1	0	[59]	[58]
1	0	[59]	[60]
1	0	[60]	[59]
1	0	[60]	[61]
1	0	[61]	[60]
1	0	[61]	[62]
1	0	[62]	[61]
1	0	[62]	[63]
1	0	[63]	[62]
1	0	[63]	[64]
1	0	[64]	[63]
1	0	[64]	[65]
1	0	[65]	[64]
1	0	[65]	[66]
1	0	[66]	[65]
1	0	[66]	[67]
1	0	[67]	[66]
1	0	[67]	[68]
1	0	[68]	[67]
1	0	[68]	[69]
1	0	[69]	[68]
1	0	[69]	[70]
1	0	[70]	[69]
1	0	[70]	[71]
1	0	[71]	[70]
1	0	[71]	[72]
1	0	[72]	[71]
1	0	[72]	[73]
1	0	[73]	[72]
1	0	[73]	[74]
1	0	[74]	[73]
1	0	[74]	[75]
1	0	[75]	[74]
1	0	[75]	[76]
1	0	[76]	[75]
1	0	[76]	[77]
1	0	[77]	[76]
1	0	[77]	[78]
1	0	[78]	[77]
1	0	[78]	[79]
1	0	[79]	[78]
1	0	[79]	[80]
1	0	[80]	[79]
1	0	[80]	[81]
1	0	[81]	[80]
1	0	[81]	[82]
1	0	[82]	[81]
1	0	[82]	[83]
1	0	[83]	[82]
1	0	[83]	[84]
1	0	[84]	[83]
1	0	[84]	[85]
1	0	[85]	[84]
1	0	[85]	[86]
1	0	[86]	[85]
1	0	[86]	[87]
1	0	[87]	[86]
1	0	[87]	[88]
1	0	[88]	[87]
1	0	[88]	[89]
1	0	[89]	[88]
1	0	[89]	[90]
1	0	[90]	[89]
1	0	[90]	[91]
1	0	[91]	[90]
1	0	[91]	[92]
1	0	[92]	[91]
1	0	[92]	[93]
1	0	[93]	[92]
1	0	[93]	[94]
1	0	[94]	[93]
1	0	[94]	[95]
1	0	[95]	[94]
1	0	[95]	[96]
1	0	[96]	[95]
1	0	[96]	[97]
1	0	[97]	[96]
1	0	[97]	[98]
1	0	[98]	[97]
1	0	[98]	[99]
1	0	[99]	[98]
1	0	[99]	[100]
1	0	[100]	[99]
1	0	[100]	[101]
1	0	[101]	[100]
1	0	[101]	[102]
1	0	[102]	[101]
1	0	[102]	[103]
1	0	[103]	[102]
1	0	[103]	[104]
1	0	[104]	[103]
1	0	[104]	[105]
1	0	[105]	[104]
1	0	[105]	[106]
1	0	[106]	[105]
1	0	[106]	[107]
1	0	[107]	[106]
1	0	[107]	[108]
1	0	[108]	[107]
1	0	[108]	[109]
1	0	[109]	[108]
1	0	[109]	[110]
1	0	[110]	[109]
1	0	[110]	[111]
1	0	[111]	[110]
1	0	[111]	[112]
1	0	[112]	[111]
1	0	[112]	[113]
1	0	[113]	[112]
1	0	[113]	[114]
1	0	[114]	[113]
1	0	[114]	[115]
1	0	[115]	[114]
1	0	[115]	[116]
1	0	[116]	[115]
1	0	[116]	[117]
1	0	[117]	[116]
1	0	[117]	[118]
1	0	[118]	[117]
1	0	[118]	[119]
1	0	[119]	[118]
1	0	[119]	[120]
1	0	[120]	[119]
1	0	[120]	[121]
1	0	[121]	[120]
1	0	[121]	[122]
1	0	[122]	[121]
1	0	[122]	[123]
1	0	[123]	[122]
1	0	[123]	[124]
1	0	[124]	[123]
1	0	[124]	[125]
1	0	[125]	[124]
1	0	[125]	[126]
1	0	[126]	[125]
1	0	[126]	[127]
1	0	[127]	[126]
1	0	[127]	[128]
1	0	[128]	[127]
1	0	[128]	[129]
1	0	[129]	[128]
1	0	[129]	[130]
1	0	[130]	[129]

Geometry:
Dimensions = 3
Num specifiers = 0
(-31.307	41.137	15.255)	<>	[0]
(-27.595	41.205	14.229)	<>	[1]
(-26.189	43.845	11.844)	<>	[2]
(-23.548	41.517	10.369)	<>	[3]
(-22.697	37.792	10.519)	<>	[4]
(-20.777	36.667	13.625)	<>	[5]
(-16.978	37.056	13.861)	<>	[6]
(-14.878	33.938	14.405)	<>	[7]
(-12.211	35.1	16.851)	<>	[8]
(-10.733	34.014	20.154)	<>	[9]
(-12.277	35.261	23.37)	<>	[10]
(-9.458	35.829	25.833)	<>	[11]
(-11.873	36.654	28.655)	<>	[12]
(-12.596	39.679	30.781)	<>	[13]
(-10.913	41.418	33.721)	<>	[14]
(-11.874	44.362	35.931)	<>	[15]
(-10.144	47.666	35.065)	<>	[16]
(-9.89	50.979	36.944)	<>	[17]
(-11.049	53.457	34.325)	<>	[18]
(-13.762	53.663	31.6)	<>	[19]
(-11.273	54.716	28.838)	<>	[20]
(-7.64	54.63	27.623)	<>	[21]
(-5.388	52.625	25.291)	<>	[22]
(-3.025	52.22	28.27)	<>	[23]
(-5.876	50.574	30.24)	<>	[24]
(-6.693	48.069	27.523)	<>	[25]
(-3.044	47.268	26.722)	<>	[26]
(-2.379	46.663	30.422)	<>	[27]
(-5.376	44.275	30.473)	<>	[28]
(-4.19	42.477	27.269)	<>	[29]
(-0.606	41.989	28.492)	<>	[30]
(-1.936	40.585	31.791)	<>	[31]
(-4.297	38.029	30.204)	<>	[32]
(-1.791	37.001	27.485)	<>	[33]
(0.879	36.371	30.134)	<>	[34]
(-1.418	34.044	32.117)	<>	[35]
(-2.841	31.921	29.299)	<>	[36]
(-1.657	29.924	26.286)	<>	[37]
(-3.199	29.771	22.818)	<>	[38]
(-4.71	26.322	23.53)	<>	[39]
(-6.605	27.809	26.497)	<>	[40]
(-8.209	30.417	24.195)	<>	[41]
(-11.946	30.099	23.579)	<>	[42]
(-12.954	30.077	19.917)	<>	[43]
(-16.014	32.223	19.569)	<>	[44]
(-18.001	34.629	17.436)	<>	[45]
(-19.176	38.155	18.192)	<>	[46]
(-22.65	39.048	17.092)	<>	[47]
(-22.943	42.768	16.569)	<>	[48]
(-26.552	43.934	16.886)	<>	[49]
(-27.968	47.505	17.081)	<>	[50]
(-28.185	47.588	20.876)	<>	[51]
(-25.957	44.729	22.043)	<>	[52]
(-22.786	42.756	21.411)	<>	[53]
(-23.143	39.048	22.061)	<>	[54]
(-20.141	36.74	22.426)	<>	[55]
(-20.856	33.073	21.593)	<>	[56]
(-18.795	29.79	21.618)	<>	[57]
(-17.48	28.935	18.094)	<>	[58]
(-20.258	26.763	16.735)	<>	[59]
(-22.318	25.479	19.666)	<>	[60]
(-23.19	29.228	19.702)	<>	[61]
(-23.69	29.198	23.514)	<>	[62]
(-23.605	32.702	25.09)	<>	[63]
(-20.283	33.744	26.694)	<>	[64]
(-21.212	37.41	27.204)	<>	[65]
(-23.787	40.015	26.229)	<>	[66]
(-23.101	43.745	26.382)	<>	[67]
(-25.288	46.784	25.852)	<>	[68]
(-23.722	49.343	23.485)	<>	[69]
(-24.886	52.178	25.779)	<>	[70]
(-22.649	50.831	28.582)	<>	[71]
(-19.605	50.245	26.372)	<>	[72]
(-17.388	53.154	27.352)	<>	[73]
(-14.3	52.507	25.139)	<>	[74]
(-12.849	50.235	22.514)	<>	[75]
(-9.451	49.789	20.872)	<>	[76]
(-7.135	47.64	18.915)	<>	[77]
(-4.081	46.774	21.055)	<>	[78]
(-0.433	47.456	20.11)	<>	[79]
(-0.45	43.998	18.638)	<>	[80]
(-2.794	44.315	15.638)	<>	[81]
(-4.514	40.999	16.418)	<>	[82]
(-5.883	42.154	19.746)	<>	[83]
(-9.236	43.799	20.364)	<>	[84]
(-10.683	45.084	23.697)	<>	[85]
(-13.65	47.056	24.89)	<>	[86]
(-14.407	48.41	28.322)	<>	[87]
(-17.906	48.056	29.766)	<>	[88]
(-19.329	50.039	32.628)	<>	[89]
(-20.588	46.875	34.442)	<>	[90]
(-22.013	49.2	37.103)	<>	[91]
(-21.924	52.966	37.925)	<>	[92]
(-18.383	52.68	39.321)	<>	[93]
(-17.32	49.321	37.946)	<>	[94]
(-15.419	48.627	34.714)	<>	[95]
(-14.811	45.377	32.919)	<>	[96]
(-12.456	44.84	29.951)	<>	[97]
(-13.421	42.176	27.351)	<>	[98]
(-10.543	40.928	25.177)	<>	[99]
(-10.127	39.078	21.87)	<>	[100]
(-7.476	37.668	19.529)	<>	[101]
(-8.434	38.156	15.898)	<>	[102]
(-6.999	36.611	12.712)	<>	[103]
(-5.655	37.989	10.441)	<>	[104]
(-6.141	41.096	12.585)	<>	[105]
(-8.797	42.941	14.609)	<>	[106]
(-9.76	45.404	11.851)	<>	[107]
(-13.166	43.989	10.914)	<>	[108]
(-14.325	43.394	14.535)	<>	[109]
(-13.257	46.808	15.791)	<>	[110]
(-14.932	48.397	12.747)	<>	[111]
(-18.211	46.526	13.392)	<>	[112]
(-18.202	47.466	17.084)	<>	[113]
(-17.262	51.077	16.439)	<>	[114]
(-20.03	51.298	13.776)	<>	[115]
(-22.584	49.938	16.282)	<>	[116]
(-21.627	52.664	18.817)	<>	[117]
(-21.862	55.48	16.232)	<>	[118]
(-25.254	54.236	14.92)	<>	[119]
(-26.523	53.837	18.486)	<>	[120]
(-25.583	57.358	19.525)	<>	[121]
(-27.469	58.934	16.609)	<>	[122]
(-30.51	56.723	17.352)	<>	[123]
(-30.516	57.92	20.974)	<>	[124]
(-30.199	61.625	20.055)	<>	[125]
(-33.063	61.094	17.584)	<>	[126]
(-35.313	59.294	20.08)	<>	[127]
(-34.889	62.055	22.686)	<>	[128]
(-35.189	65.014	20.255)	<>	[129]
